
=== RANK TABLE: CEC 2014 ===
Function                     MSDBO           DBO            AO           MGO           FFO          AVOA           NGO           ZOA       CoatiOA
--------------------------------------------------------------------------------------------------------------------------------------------------
CEC2014_F1                       1             7             5             3             9             6             2             8             4
CEC2014_F2                       1             7             5             2             9             6             3             8             4
CEC2014_F3                       1             6             7             4             9             5             2             8             3
CEC2014_F4                       1             7             4             3             8             6             2             9             5
CEC2014_F5                       1             9             4             3             5             7             2             8             6
CEC2014_F6                       1             8             3             4             6             7             2             9             5
CEC2014_F7                       1             8             3             4             7             6             2             9             5
CEC2014_F8                       1             8             4             3             7             6             2             9             5
CEC2014_F9                       1             8             3             6             7             5             2             9             4
CEC2014_F10                      1             8             4             3             7             6             2             9             5
CEC2014_F11                      1             9             3             4             5             7             2             8             6
CEC2014_F12                      1             6             3             4             7             8             2             9             5
CEC2014_F13                      1             9             4             3             6             8             2             7             5
CEC2014_F14                      1             9             3             5             6             7             2             8             4
CEC2014_F15                      1             6             4             3             8             7             2             9             5
CEC2014_F16                      1             6             3             4             8             7             2             9             5
CEC2014_F17                      1             7             4             3             8             6             2             9             5
CEC2014_F18                      1             6             4             3             9             8             2             7             5
CEC2014_F19                      1             8             4             2             7             6             3             9             5
CEC2014_F20                      1             8             6             3             5             7             2             9             4
CEC2014_F21                      1             9             3             4             8             5             2             7             6
CEC2014_F22                      1             7             5             2             6             8             3             9             4
CEC2014_F23                      2             6             5             1             7             4             3             9             8
CEC2014_F24                      1             4             3             7             9             8             2             6             5
CEC2014_F25                      3             7             6             4             9             8             1             5             2
CEC2014_F26                      2             6             4             3             7             8             1             9             5
CEC2014_F27                      2             5             4             3             9             8             1             7             6
CEC2014_F28                      1             9             3             4             5             7             2             8             6
CEC2014_F29                      5             7             6             4             9             8             1             3             2
CEC2014_F30                      1             4             3             5             7             9             2             6             8
--------------------------------------------------------------------------------------------------------------------------------------------------
Avg Rank                      1.30          7.13          4.07          3.53          7.30          6.80          2.00          7.97          4.90